100
800
20
23
39
70
62
61
86
75
1
38
25
51
70
78
96
58
50
78
74
33
7
65
71
3
75
72
61
20
52
20
49
3
50
53
82
18
95
47
34
98
26
16
61
78
81
89
11
43
47
37
100
31
95
80
69
2
7
81
73
13
7
90
90
96
33
28
91
16
53
73
74
47
32
39
64
20
80
84
3
92
9
49
80
98
28
67
73
29
41
26
83
10
72
23
49
84
44
72
16
97
80
69
75
93
77
81
51
95
24
34
45
86
76
68
70
76
87
2
51
61
93
88
59
31
64
8
56
25
67
19
40
88
62
95
74
84
92
89
48
98
75
69
41
16
80
50
75
62
74
13
99
27
41
91
18
68
20
9
76
12
45
38
13
66
62
81
14
4
98
59
20
93
59
8
97
82
58
67
64
12
75
2
6
26
29
63
98
9
43
90
40
23
3
55
72
45
48
68
83
51
13
34
4
62
47
14
69
56
60
90
90
51
19
45
5
15
85
88
22
9
56
93
46
6
40
85
73
74
39
61
20
12
25
7
20
57
15
38
55
88
29
41
68
57
78
91
9
3
19
30
60
41
6
56
44
93
3
75
76
27
61
87
5
68
52
86
41
68
96
74
10
32
33
57
68
47
49
37
74
2
42
15
45
16
50
38
95
34
2
98
15
95
8
46
16
15
77
27
4
25
87
11
52
41
41
98
16
7
21
49
65
74
17
76
84
96
74
97
49
31
15
89
91
78
49
72
45
72
87
98
74
40
100
5
27
86
28
44
21
43
32
31
45
92
5
19
4
76
72
8
5
13
82
1
61
82
18
23
7
15
70
3
64
57
28
12
11
49
4
93
54
25
51
23
86
5
50
5
20
72
59
12
47
98
36
86
79
80
84
42
68
48
8
58
58
6
100
81
51
78
80
1
93
54
8
98
78
22
72
85
39
7
22
49
16
75
98
89
7
25
100
44
7
4
91
12
23
62
47
83
87
79
26
49
28
10
63
9
92
8
62
36
61
57
63
67
80
90
82
57
7
9
73
56
2
65
58
19
82
50
84
9
70
15
73
67
22
19
47
73
11
76
78
49
75
95
42
58
32
29
89
56
93
45
65
98
97
23
75
76
11
85
33
35
83
21
50
56
75
96
82
91
22
14
38
57
23
16
53
54
86
77
26
63
12
29
23
52
100
39
18
17
76
22
83
89
19
14
9
53
3
23
33
98
87
89
24
60
17
37
58
90
20
46
95
7
9
15
54
97
3
55
51
73
29
72
30
82
49
27
47
96
74
99
56
76
94
82
58
43
62
2
16
55
19
57
19
6
77
78
92
65
62
55
90
90
33
61
42
59
71
58
68
80
73
100
59
56
71
35
26
89
79
74
55
76
89
24
15
94
63
96
65
30
43
96
12
87
10
18
65
81
92
55
42
1
52
59
4
28
92
78
62
58
11
61
87
35
50
77
82
70
64
76
67
44
45
55
44
74
4
10
93
99
90
9
98
47
19
2
16
33
77
84
49
75
12
73
43
85
64
4
82
5
62
21
63
96
98
17
98
17
46
57
80
83
43
14
2
66
26
82
63
33
39
45
72
21
12
41
100
22
92
46
32
58
32
42
51
24
90
92
100
71
25
4
76
88
85
37
27
72
46
53
54
54
70
56
91
96
17
16
26
75
56
51
91
40
23
89
2
51
28
14
90
35
60
45
56
8
53
76
52
50
93
91
21
24
48
68
10
30
22
80
11
7
55
31
83
50
99
58
22
67
89
81
98
80
75
32
14
23
35
97
66
86
59
79
97
33
72
7
46
57
87
92
72
71
7
72
